8 2 4 64 64 1554.08
8 2 4 64 64 1725.2
8 2 4 64 64 1916.54
8 2 4 64 64 1916.45
4 2 2 64 64 374.749
4 2 2 64 64 609.947
4 2 2 64 64 932.098
4 2 2 64 64 865.701
6 2 3 64 64 912.163
6 2 3 64 64 1087.48
6 2 3 64 64 1301.03
6 2 3 64 64 1296.49
1 1 1 64 64 280.71
1 1 1 64 64 2459.12
1 1 1 64 64 5172.04
1 1 1 64 64 5199.36
16 4 4 64 64 3376.42
2 1 2 64 64 126.723
2 1 2 64 64 1060.04
2 1 2 64 64 2378.63
2 1 2 64 64 2288.25
1465 732 4 2 2 512 512 450.235
5116 2558 4 2 2 512 512 662.382
5117 2558 4 2 2 512 512 1041.17
5117 2558 4 2 2 512 512 969.773
1465 732 4 2 2 1024 1024 428.909
5116 2558 4 2 2 1024 1024 705.645
5117 2558 4 2 2 1024 1024 976.091
5117 2558 4 2 2 1024 1024 968.194
1465 732 4 2 2 128 128 427.027
5116 2558 4 2 2 128 128 663.71
5117 2558 4 2 2 128 128 970.149
5117 2558 4 2 2 128 128 978.519
1465 732 4 2 2 1024 1024 422.838
5116 2558 4 2 2 1024 1024 678.276
5117 2558 4 2 2 1024 1024 974.405
5117 2558 4 2 2 1024 1024 1089.97
