4 2 2 32 32 143.184
4 2 2 32 32 184.285
4 2 2 32 32 243.024
4 2 2 32 32 239.853
2 1 1 32 32 76.3437
2 1 1 32 32 38.03
2 1 1 32 32 41.5148
2 1 1 32 32 42.4284
1 1 1 32 32 51.5157
1 1 1 32 32 313.541
1 1 1 32 32 810.508
1 1 1 32 32 826.442
4 2 2 16 16 138.404
4 2 2 16 16 155.974
4 2 2 16 16 222.654
4 2 2 16 16 212.41
2 1 1 16 16 75.3394
2 1 1 16 16 39.6151
2 1 1 16 16 40.6504
2 1 1 16 16 41.8213
1 1 1 16 16 52.5567
1 1 1 16 16 326.479
1 1 1 16 16 819.571
1 1 1 16 16 826.583
4 2 2 64 64 206.679
4 2 2 64 64 224.913
4 2 2 64 64 273.845
4 2 2 64 64 265.605
2 1 1 64 64 83.8258
2 1 1 64 64 41.5857
2 1 1 64 64 39.5397
2 1 1 64 64 39.214
1 1 1 64 64 52.2869
1 1 1 64 64 319.943
1 1 1 64 64 808.373
1 1 1 64 64 805.517
4 2 2 128 128 240.382
4 2 2 128 128 268.293
4 2 2 128 128 311.752
4 2 2 128 128 322.553
2 1 1 128 128 79.0694
2 1 1 128 128 39.9947
2 1 1 128 128 40.7676
2 1 1 128 128 45.2721
1 1 1 128 128 53.2697
1 1 1 128 128 323.68
1 1 1 128 128 812.884
1 1 1 128 128 825.27
4 2 2 32 32 150.47
4 2 2 32 32 163.173
4 2 2 32 32 236.065
4 2 2 32 32 246.031
6 2 3 32 32 384.346
6 2 3 32 32 414.092
6 2 3 32 32 441.035
6 2 3 32 32 449.225
16 4 4 32 32 1476.62
16 4 4 32 32 1495.39
16 4 4 32 32 1502.44
16 4 4 32 32 1506.85
9 3 3 16 16 809.301
9 3 3 16 16 821.036
9 3 3 16 16 852.561
9 3 3 16 16 855.972
4 2 2 64 64 199.019
4 2 2 64 64 227.746
4 2 2 64 64 282.878
4 2 2 64 64 287.72
2 1 2 64 64 24.4629
2 1 2 64 64 116.3
2 1 2 64 64 261.55
2 1 2 64 64 257.597
2 1 2 64 64 23.5854
2 1 2 64 64 118.229
2 1 2 64 64 23.9161
2 1 2 64 64 108.417
2 1 2 64 64 264.686
2 1 2 64 64 266.868
4 2 2 128 128 219.423
4 2 2 128 128 289.539
4 2 2 128 128 326.856
4 2 2 128 128 333.933
4 2 2 256 256 238.016
4 2 2 256 256 295.904
4 2 2 256 256 326.972
4 2 2 256 256 341.732
2 1 2 256 256 21.0329
2 1 2 256 256 129.998
2 1 2 256 256 283.554
2 1 2 256 256 268.682
4 2 2 256 256 253.23
4 2 2 256 256 274.36
4 2 2 256 256 352.927
4 2 2 256 256 358.196
4 2 2 512 512 260.77
4 2 2 512 512 324.22
4 2 2 512 512 321.166
4 2 2 512 512 350.66
2 1 2 512 512 35.2125
2 1 2 512 512 123.168
2 1 2 512 512 270.209
2 1 2 512 512 283.262
2 1 2 64 64 25.1265
2 1 2 64 64 110.505
2 1 2 64 64 267.258
2 1 2 64 64 251.242
1 1 1 64 64 54.888
1 1 1 64 64 323.922
1 1 1 64 64 826.44
1 1 1 64 64 825.68
4 2 2 64 64 202.295
4 2 2 64 64 251.512
4 2 2 64 64 315.582
4 2 2 64 64 309.975
2 1 2 128 128 28.2655
2 1 2 128 128 137.05
2 1 2 128 128 277.625
2 1 2 128 128 279.907
1225 490 4 2 2 128 128 227.32
3068 1228 4 2 2 128 128 258.682
3069 1228 4 2 2 128 128 333.617
3069 1228 4 2 2 128 128 346.062
1225 490 2 1 2 128 128 28.0836
3068 1228 2 1 2 128 128 110.482
3069 1228 2 1 2 128 128 264.28
3069 1228 2 1 2 128 128 280.387
