1 1 1 4096 4096 239.147
1 1 1 4096 4096 239.924
1 1 1 4096 4096 1073.58
1 1 1 4096 4096 300.975
1 1 1 4096 4096 1174.02
1 1 1 4096 4096 2438.98
1 1 1 4096 4096 2328.46
4 2 2 128 128 422.801
4 2 2 128 128 580.312
4 2 2 128 128 365.452
4 2 2 128 128 444.633
4 2 2 128 128 570.544
4 2 2 128 128 572.284
1 1 1 128 128 163.575
1 1 1 128 128 917.462
1 1 1 128 128 2308.08
1 1 1 128 128 2263.98
4 2 2 64 64 294.152
4 2 2 64 64 432.418
4 2 2 64 64 630.897
4 2 2 64 64 560.614
4 2 2 256 256 350.963
4 2 2 256 256 505.45
4 2 2 256 256 895.316
4 2 2 256 256 1296.93
2 1 1 128 128 286.19
2 1 1 128 128 182.935
2 1 1 128 128 175.047
2 1 1 128 128 186.841
4 2 2 256 256 337.592
4 2 2 256 256 465.883
4 2 2 256 256 749.972
4 2 2 256 256 726.771
16 4 4 64 64 2609.65
16 4 4 64 64 2659.12
16 4 4 64 64 2675.96
16 4 4 64 64 2671.24
8 2 2 64 64 1274.55
8 2 2 64 64 1245.63
8 2 2 64 64 1240.14
8 2 2 64 64 1238.98
2 1 2 64 64 202.166
2 1 2 64 64 178.606
2 1 2 64 64 641.201
2 1 2 64 64 1192.07
2 1 2 64 64 1636.38
6 2 3 64 64 716.05
6 2 3 64 64 809.991
6 2 3 64 64 874.609
6 2 3 64 64 929.56
6 2 3 128 128 831.767
6 2 3 128 128 897.492
6 2 3 128 128 991.365
6 2 3 128 128 981.227
8 2 4 128 128 1407.38
8 2 4 128 128 1429.41
8 2 4 128 128 1545.12
8 2 4 128 128 1520.25
4 2 2 16 16 208.37
4 2 2 16 16 299.857
4 2 2 16 16 436.903
4 2 2 16 16 430.813
1634 1634 4 2 2 128 128 327.978
4092 4092 4 2 2 128 128 406.072
4093 4094 4 2 2 128 128 567.201
4093 4094 4 2 2 128 128 563.877
1634 818 4 2 2 512 512 357.429
4092 2046 4 2 2 512 512 434.84
4093 2046 4 2 2 512 512 587.259
4093 2046 4 2 2 512 512 608.356
1173 586 4 2 2 32 32 217.534
4092 2046 4 2 2 32 32 322.256
4093 2046 4 2 2 32 32 493.76
4093 2046 4 2 2 32 32 468.227
1659 830 4 2 2 1024 1024 445.127
4092 2046 4 2 2 1024 1024 419.843
4093 2046 4 2 2 1024 1024 632.482
4093 2046 4 2 2 1024 1024 560.135
