573 114 4 2 2 64 64 208.29
2046 410 4 2 2 64 64 301.566
2045 410 4 2 2 64 64 306.394
2046 410 4 2 2 64 64 285.46
573 58 2 2 1 64 64 159.865
2046 204 2 2 1 64 64 266.724
2045 204 2 2 1 64 64 270.475
2046 204 2 2 1 64 64 248.152
573 172 1 1 1 512 512 398.753
2046 614 1 1 1 512 512 802.632
2045 614 1 1 1 512 512 842.907
2046 614 1 1 1 512 512 761.571
573 230 8 4 2 64 64 677.751
2046 818 8 4 2 64 64 731.543
2045 818 8 4 2 64 64 735.181
2046 818 8 4 2 64 64 723.694
573 286 16 4 4 64 64 1407.86
2046 1024 16 4 4 64 64 1485.64
2045 1022 16 4 4 64 64 1495.52
2046 1024 16 4 4 64 64 1487.89
573 58 2 2 1 64 64 162.171
2046 204 2 2 1 64 64 269.804
2045 204 2 2 1 64 64 274.403
2046 204 2 2 1 64 64 250.697
573 114 4 2 2 128 128 213.694
2046 410 4 2 2 128 128 280.465
2045 410 4 2 2 128 128 279.902
2046 410 4 2 2 128 128 259.699
2045 410 6 3 2 128 128 521.771
2046 410 6 3 2 128 128 517.235
573 114 6 3 2 128 128 444.539
2046 410 6 3 2 128 128 518.365
2045 410 4 2 2 128 128 285.49
2046 410 4 2 2 128 128 272.792
573 114 4 2 2 128 128 199.633
2046 410 4 2 2 128 128 282.013
2045 614 2 2 1 128 128 288.291
2046 614 2 2 1 128 128 265.933
573 172 2 2 1 128 128 162.846
2046 614 2 2 1 128 128 277.156
2045 614 4 2 2 256 256 258.109
2046 614 4 2 2 256 256 253.087
573 172 4 2 2 256 256 179.587
2046 614 4 2 2 256 256 255.652
2045 614 1 1 1 256 256 642.846
2046 614 1 1 1 256 256 583.464
573 172 1 1 1 256 256 338.006
2046 614 1 1 1 256 256 626.479
2046 1024 4 2 2 512 512 282.284
2046 1024 2 2 1 512 512 375.982
2046 1024 2 2 1 32 32 265.503
573 286 2 2 1 32 32 168.382
2045 1022 2 2 1 64 64 294.306
2046 1024 2 2 1 64 64 252.366
573 286 2 2 1 64 64 160.936
573 286 2 2 1 1024 1024 249.127
573 286 2 2 1 512 512 197.821
2046 1024 2 2 1 512 512 576.191
2046 1024 2 2 1 1024 1024 700.572
2046 1024 4 2 2 1024 1024 280.902
2046 1024 4 2 2 512 512 296.065

