4 2 2 64 64 58.9845
4 2 2 64 64 76.65
4 2 2 64 64 79.4076
4 2 2 64 64 82.5922
2 2 1 64 64 36.3966
2 2 1 64 64 59.355
2 2 1 64 64 58.1642
2 2 1 64 64 54.6298
4 2 2 64 64 66.1708
4 2 2 64 64 83.5464
4 2 2 64 64 78.9041
4 2 2 64 64 80.5095
4 2 2 64 64 64.02
4 2 2 64 64 70.3537
4 2 2 64 64 84.2061
4 2 2 64 64 80.7366
4 2 2 64 64 63.93
4 2 2 64 64 80.5066
4 2 2 64 64 75.6428
4 2 2 64 64 76.723
2 2 1 64 64 34.5639
2 2 1 64 64 57.302
2 2 1 64 64 57.7513
2 2 1 64 64 54.2558
2 2 1 64 64 34.5912
2 2 1 64 64 57.1026
2 2 1 64 64 57.1138
2 2 1 64 64 54.2161
4 2 2 64 64 60.5117
4 2 2 64 64 80.101
4 2 2 64 64 82.0476
4 2 2 64 64 74.7638
4 2 2 64 64 54.5841
4 2 2 64 64 82.6559
4 2 2 64 64 79.0796
4 2 2 64 64 75.8061
2 2 1 64 64 34.3557
2 2 1 64 64 56.9323
2 2 1 64 64 57.1967
2 2 1 64 64 54.8014
6 3 2 64 64 161.249
6 3 2 64 64 183.232
6 3 2 64 64 183.027
6 3 2 64 64 181.531
1 1 1 128 128 71.9813
1 1 1 128 128 131.044
1 1 1 128 128 131.916
1 1 1 128 128 127.217
142 56 8 4 2 64 64 270.666
958 384 8 4 2 64 64 297.485
957 382 8 4 2 64 64 300.345
958 384 8 4 2 64 64 297.097
142 72 4 2 2 512 512 58.4736
142 72 4 2 2 240 240 88.0425
958 480 4 2 2 240 240 91.5645
957 478 4 2 2 240 240 93.7243
958 480 4 2 2 240 240 92.2614
142 72 2 2 1 480 480 45.1575
958 480 2 2 1 480 480 92.9676
957 478 2 2 1 480 480 93.6647
958 480 2 2 1 480 480 90.691
