2 2 1 64 64 226.928
2 2 1 64 64 309.215
2 2 1 64 64 335.358
2 2 1 64 64 301.71
4 2 2 64 64 214.07
4 2 2 64 64 298.398
4 2 2 64 64 314.267
4 2 2 64 64 288.591
6 3 2 64 64 505.557
6 3 2 64 64 582.981
6 3 2 64 64 590.792
6 3 2 64 64 569.412
4 2 2 128 128 236.915
4 2 2 128 128 330.827
4 2 2 128 128 332.574
4 2 2 128 128 306.667
1 1 1 64 64 425.115
1 1 1 64 64 614.154
1 1 1 64 64 668.926
1 1 1 64 64 597.404
1014 508 2 2 1 128 128 195.676
2498 1250 2 2 1 128 128 312.951
2497 1248 2 2 1 128 128 358.456
2498 1250 2 2 1 128 128 323.131
1014 102 4 2 2 128 128 244.977
2498 250 4 2 2 128 128 321.637
2497 250 4 2 2 128 128 320.229
2498 250 4 2 2 128 128 298.51
1014 202 6 3 2 128 128 563.911
2498 500 6 3 2 128 128 614.292
2497 500 6 3 2 128 128 628.301
1014 202 6 3 2 128 128 560.103
2498 500 6 3 2 128 128 767.04
2497 500 6 3 2 128 128 609.951
2498 500 6 3 2 128 128 599.059
1014 202 2 2 1 128 128 209.263
2498 500 2 2 1 128 128 297.888
2497 500 2 2 1 128 128 338.055
2498 500 2 2 1 128 128 326.044
1014 406 4 2 2 128 128 254.124
2498 1000 4 2 2 128 128 314.312
2497 998 4 2 2 128 128 340.12
2498 1000 4 2 2 128 128 338.088
1014 710 2 2 1 128 128 196.491
2498 1748 2 2 1 128 128 310.892
2497 1748 2 2 1 128 128 318.403
2498 1748 2 2 1 128 128 322.184
1014 1014 2 2 1 128 128 235.899
2498 2498 2 2 1 128 128 354.788
2497 2498 2 2 1 128 128 360.089
2498 2498 2 2 1 128 128 315.708
1014 304 8 4 2 128 128 986.954
1007 302 8 4 2 128 128 1087.1
2498 750 8 4 2 128 128 1003.96
2497 750 8 4 2 128 128 988.966
2498 750 8 4 2 128 128 998.019
1007 402 4 2 2 256 256 245.616
2498 1000 4 2 2 256 256 352.188
2497 998 4 2 2 256 256 304.728
2498 1000 4 2 2 256 256 328.291
1007 504 16 4 4 64 64 1759.86
2498 1250 16 4 4 64 64 1822.99
2497 1248 16 4 4 64 64 1832
2498 1250 16 4 4 64 64 1825.36
1007 302 4 2 2 256 256 247.9
2498 750 4 2 2 256 256 310.588
2497 750 4 2 2 256 256 315.998
2498 750 4 2 2 256 256 304.03
1007 504 1 1 1 256 256 401.496
2498 1250 1 1 1 256 256 618.136
2497 1248 1 1 1 256 256 649.991
2498 1250 1 1 1 256 256 588.926
1007 100 2 2 1 256 256 212.438
2498 250 2 2 1 256 256 306.064
2497 250 2 2 1 256 256 309.872
2498 250 2 2 1 256 256 285.799
1007 100 4 2 2 128 128 244.14
2498 250 4 2 2 128 128 297.534
2497 250 4 2 2 128 128 305.16
2498 250 4 2 2 128 128 300.022
1007 202 2 2 1 128 128 196.494
2498 500 2 2 1 128 128 272.567
2497 500 2 2 1 128 128 276.891
2498 500 2 2 1 128 128 249.79
1007 302 2 2 1 128 128 197.727
2498 750 2 2 1 128 128 277.815
2497 750 2 2 1 128 128 338.231
2498 750 2 2 1 128 128 251.586
1007 402 2 2 1 250 250 210.329
2498 1000 2 2 1 250 250 327.5
2497 998 2 2 1 250 250 329.764
2498 1000 2 2 1 250 250 332.488
1014 406 1 1 1 250 250 402.559
2498 1000 1 1 1 250 250 596.25
2497 998 1 1 1 250 250 603.702
2498 1000 1 1 1 250 250 551.555
1014 508 4 2 2 250 250 254.125
2498 1250 4 2 2 250 250 295.997
2497 1248 4 2 2 250 250 309.767
2498 1250 4 2 2 250 250 301.488
1014 102 2 2 1 250 250 206.18
2498 250 2 2 1 250 250 294.382
2497 250 2 2 1 250 250 297.943
2498 250 2 2 1 250 250 275.843
1014 202 2 2 1 250 250 206.198
2498 500 2 2 1 250 250 294.448
2497 500 2 2 1 250 250 299.487
2498 500 2 2 1 250 250 275.314
1014 508 2 2 1 128 128 194.789
2498 1250 2 2 1 128 128 268.191
2497 1248 2 2 1 128 128 271.646
2498 1250 2 2 1 128 128 246.933
1014 508 2 2 1 1024 1024 334.369
2498 1250 2 2 1 1024 1024 458.26
2497 1248 2 2 1 1024 1024 463.473
2498 1250 2 2 1 1024 1024 435.878
